Title: New Carpet
X: 3392.1363608193305
Y: 1868.6336563454242
Width: 100
Height: 100