Title: New Carpet
X: 2938.916735407769
Y: 724.3031371259542
Width: 100
Height: 100