Title: New Carpet
X: 3308.44075055169
Y: 1867.0503307431727
Width: 100
Height: 100