Title: New Carpet
X: 2239.5966151474763
Y: 907.5610230477488
Width: 100
Height: 100