Title: New Carpet
X: 3376.3447362405304
Y: 1393.6359756700367
Width: 1000
Height: 1000